procs -----------memory---------- ---swap-- -----io---- -system-- ------cpu-----
 r  b   swpd   free   buff  cache   si   so    bi    bo   in   cs us sy id wa st
 0  0      0 2690960  37584 564828    0    0    39   302   26   39  0  0 100  0  0
 0  0      0 2690960  37584 564828    0    0     0    50  635  990  0  1 99  0  0
 0  0      0 2690960  37584 564828    0    0     0     0 1201 1675  0  1 99  0  0
 0  0      0 2690960  37584 564828    0    0     0     0  602  848  0  0 99  0  0
 0  0      0 2690960  37592 564828    0    0     0    12  244  406  0  0 99  0  0
 0  0      0 2690960  37592 564828    0    0     0     0 1675 2543  1  1 98  0  0
 0  0      0 2690960  37592 564828    0    0     0     0  813 1184  0  1 99  0  0
 0  0      0 2690960  37592 564828    0    0     0     0  170  299  0  0 100  0  0
